 235033 123456789
 212751 12345678
  76346 11111111
  45902 dearbook
  34953 00000000
  19986 123123123
  17791 1234567890
  15033 88888888
   6995 111111111
   5966 147258369
   5553 987654321
   5459 aaaaaaaa
   5145 1111111111
   5025 66666666
   4435 a123456789
   4096 11223344
   3667 1qaz2wsx
   3649 xiazhili
   3610 789456123
   3497 password
   3281 87654321
   3277 qqqqqqqq
   3175 000000000
   3143 qwertyuiop
   3094 qq123456
   3077 iloveyou
   3061 31415926
   2985 12344321
   2886 0000000000
   2826 asdfghjkl
   2797 1q2w3e4r
   2580 123456abc
   2578 0123456789
   2573 123654789
   2540 12121212
   2515 qazwsxedc
   2396 abcd1234
   2380 12341234
   2348 110110110
   2298 asdasdasd
   2243 22222222
   2166 123321123
   2160 abc123456
   2145 123456
   2138 a12345678
   2113 123456123
   2106 a1234567
   2100 1234qwer
   1989 qwertyui
   1986 123456789a
   1971 aa123456
   1918 asdfasdf
   1891 99999999
   1859 999999999
   1859 123456aa
   1854 123456123456
   1699 520520520
   1656 963852741
   1652 741852963
   1652 55555555
   1589 33333333
   1480 qwer1234
   1384 asd123456
   1339 77777777
   1316 qweasdzxc
   1285 code8925
   1273 11112222
   1268 ms0083jxj
   1245 zzzzzzzz
   1214 111222333
   1206 qweqweqwe
   1200 3.1415926
   1183 123456qq
   1148 147852369
   1136 521521521
   1121 asdf1234
   1111 123698745
   1109 1123581321
   1058 asdfghjk
   1054 q1w2e3r4
   1038 12345678a
   1003 woaini1314
    991 1234abcd
    988 123qweasd
    975 1qazxsw2
    967 woaiwojia
    920 321321321
    910 05962514787
    894 123456987
    892 kingcom5
    882 zxcvbnm123
    882 5845201314
    853 0987654321
    847 wwwwwwww
    835 11111111111111111111
    805 12345600
    783 11235813
    777 1q2w3e4r5t
    772 10101010
    770 123456asd
